35423 688.42
66469 419.07
43726 249.23
89612 812.43
42291 318.92
43726 71.34
35423 7.98
42291 838.99
87171 112.89
83736 261.56
46227 399.11
89612 355.13
79476 886.6
66469 804.41
31779 395.15
61884 717.08
46227 794.93
31779 339.02
87171 72.17
47713 174.98
18516 531.04
28621 772.94
46227 444.86
59481 356.26
83736 213.76
87151 777.91
66469 76.2
87171 248.42
31779 638.71
31779 534.01
43726 552.08
89612 173.36
18516 764.14
61884 704.67
87171 335.89
66469 405.91
28621 527.09
18516 259.29
66469 215.47
92957 694.47
28621 182.87
67935 724.79
67935 300.35
31779 857.09
72925 847.9
87151 810.88
72925 394.3
89612 724.53
46227 554.52
66469 192.62
99115 448.01
79476 728.15
99115 90.48
43726 558.27
87151 860.9
31779 893.96
67935 396.8
92957 331.69
72925 360.29
96956 616.92
87171 119.61
28621 521.43
67935 122.62
59481 514.67
61884 322.44
59481 797.74
83736 647.09
46227 434.73
83736 685.21
18516 871.92
34565 108.89
89612 395.08
34565 583.01
59481 371.03
79476 247.85
21627 533.12
87171 827.54
21627 747.55
59481 883.65
18516 435.26
59481 206.26
63572 234.16
47713 271.21
63572 301.47
67935 879.32
42291 161.96
28621 151.55
42291 408.48
67935 624.71
43726 111.9
87151 761.84
42291 388.79
66469 203.01
87171 121.12
67935 469.82
28621 832.06
28621 723.8
21627 818.81
99115 339.26
42291 132.52
47713 60.36
28621 721.05
79476 154.84
34565 554.07
46227 640.75
99115 535.3
83736 216.79
63572 79.37
31779 533.1
96956 50.04
47713 161.44
99115 647.26
43726 681.08
61884 4.1
18516 12.74
21627 725.47
47713 560.59
42291 572.14
21627 244.68
66469 671.99
35423 741.38
28621 541.35
89612 46.09
66469 263.62
72925 247.62
35423 460.36
18516 681.76
59481 475.69
31779 605.59
72925 678.07
21627 420.67
34565 576.79
46227 390.32
72925 651.46
18516 171.55
43726 450.82
34565 111.63
87151 96.56
79476 445.87
61884 105.54
43726 826.45
66469 290.68
99115 632.35
42291 214.12
34565 729.56
87171 40.0
47713 459.12
35423 543.83
21627 673.16
63572 202.31
35423 347.79
35423 175.69
66469 404.2
61884 651.19
43726 62.68
99115 302.64
34565 591.17
67935 278.14
59481 59.84
96956 596.63
96956 655.92
83736 838.81
21627 77.08
21627 418.91
92957 606.04
35423 825.73
96956 348.67
87171 373.34
67935 511.4
31779 451.46
18516 612.63
31779 307.59
34565 813.92
96956 274.08
96956 431.07
61884 298.16
83736 264.79
72925 348.62
92957 262.72
83736 364.65
34565 658.99
79476 42.47
18516 359.06
43726 261.31
89612 150.92
92957 481.46
67935 586.03
46227 145.24
83736 402.5
63572 547.87
66469 883.6
79476 668.63
61884 172.46
72925 577.41
87151 615.02
61884 663.26
72925 705.34
89612 796.88
89612 445.55
46227 191.98
47713 226.96
31779 199.78
34565 437.26
21627 452.86
59481 807.57
67935 37.44
42291 272.05
18516 139.83
46227 171.57
31779 371.18
47713 300.52
87151 697.99
28621 101.42
47713 873.92
83736 759.92
59481 483.49
99115 184.12
87151 726.32
42291 481.55
83736 619.77
34565 506.93
99115 246.73
18516 340.75
21627 483.36
96956 271.46
18516 705.18
42291 624.97
34565 704.37
79476 66.77
87151 772.44
79476 705.59
31779 671.01
21627 299.85
47713 200.9
35423 716.51
46227 676.33
87171 529.96
42291 413.65
31779 13.49
34565 726.65
61884 28.22
47713 855.39
18516 784.59
87171 853.51
92957 364.43
46227 826.13
79476 508.75
34565 708.96
34565 90.47
66469 569.21
66469 724.62
66469 192.49
35423 293.78
89612 260.38
42291 352.27
31779 242.33
34565 266.22
67935 495.31
99115 66.85
92957 280.47
89612 649.13
21627 702.41
72925 152.76
21627 12.34
46227 189.4
87151 8.37
96956 286.02
87151 313.78
63572 245.99
96956 613.16
34565 698.1
99115 155.55
99115 700.58
28621 701.54
72925 465.92
67935 608.79
47713 3.24
72925 510.65
18516 475.5
79476 558.51
72925 589.35
72925 90.93
31779 831.48
42291 852.54
66469 45.47
83736 783.61
42291 80.27
63572 198.18
92957 445.58
92957 382.15
79476 8.09
79476 197.97
96956 455.15
21627 721.71
83736 283.56
99115 69.13
35423 546.57
83736 669.47
87171 266.24
31779 411.44
87171 8.63
43726 329.19
35423 381.8
89612 205.39
18516 368.21
63572 694.9
89612 23.51
87171 581.4
31779 248.91
92957 413.52
18516 736.53
35423 306.24
72925 740.15
83736 221.53
46227 364.03
34565 269.95
63572 333.47
47713 225.88
67935 868.99
43726 735.67
63572 661.35
92957 302.01
28621 81.5
83736 805.5
35423 469.77
96956 45.88
89612 622.88
83736 328.23
79476 113.51
87151 517.32
31779 750.21
66469 409.9
46227 315.64
18516 566.38
96956 213.35
67935 566.92
79476 92.74
87171 786.4
89612 377.59
99115 761.01
87171 206.32
47713 698.04
61884 818.98
79476 821.85
18516 845.37
59481 179.69
28621 137.62
92957 336.69
47713 408.97
87151 475.17
92957 385.36
21627 890.25
31779 497.65
89612 644.64
66469 893.16
31779 758.85
79476 846.83
28621 596.2
89612 131.35
79476 783.98
67935 657.45
43726 869.42
63572 181.21
35423 804.25
34565 77.11
46227 792.44
47713 567.64
59481 849.69
72925 887.19
63572 595.75
61884 822.38
59481 768.13
87171 245.26
43726 308.78
83736 92.54
72925 864.51
47713 54.85
43726 624.44
21627 49.2
83736 330.32
89612 704.03
61884 587.06
63572 647.82
34565 18.17
42291 564.65
47713 61.81
43726 136.89
47713 361.37
43726 554.02
99115 643.72
21627 832.46
59481 193.56
87151 895.2
35423 627.8
87151 239.53
28621 712.23
46227 347.8
96956 204.68
43726 883.03
89612 216.67
87171 246.87
46227 644.62
92957 19.79
79476 471.39
72925 683.78
46227 215.63
42291 818.85
99115 388.75
42291 560.02
99115 9.24
72925 219.0
47713 235.78
79476 406.28
18516 264.78
87171 127.68
35423 755.42
59481 148.16
67935 817.56
67935 682.12
96956 477.04
31779 199.27
67935 520.7
28621 38.09
35423 658.36
35423 25.72
89612 582.97
92957 600.53
18516 541.08
72925 553.3
87151 477.21
18516 519.84
47713 250.0
31779 845.19
63572 267.44
99115 421.57
43726 82.61
28621 15.89
42291 347.77
59481 560.85
67935 310.24
99115 564.93
72925 554.77
21627 661.1
72925 69.44
46227 812.3
99115 238.6
46227 444.19
96956 637.89
83736 103.81
28621 456.62
87171 451.19
96956 849.87
34565 491.24
66469 376.17
67935 382.28
66469 221.96
59481 633.17
72925 548.94
21627 855.58
87171 152.19
35423 418.07
46227 865.91
99115 796.8
34565 394.79
34565 407.51
99115 129.63
63572 168.96
31779 319.5
99115 474.34
72925 176.88
87171 836.89
72925 170.22
99115 872.35
96956 499.73
59481 652.06
92957 220.03
18516 751.25
34565 58.0
28621 238.28
67935 780.14
99115 151.82
31779 300.28
72925 249.44
18516 34.76
87151 341.55
18516 387.32
96956 366.73
34565 151.45
92957 156.88
83736 416.1
83736 702.02
99115 724.83
87171 870.0
31779 613.71
46227 480.85
46227 850.36
92957 69.44
34565 667.48
92957 472.72
61884 637.15
43726 659.22
87151 400.26
83736 424.43
47713 504.28
99115 144.58
89612 698.91
66469 212.28
79476 541.13
61884 80.54
59481 846.99
46227 236.57
46227 698.64
59481 200.71
46227 591.03
35423 695.22
66469 344.12
43726 3.67
96956 458.59
87171 460.76
66469 543.74
89612 240.06
43726 620.43
67935 303.02
83736 436.9
46227 184.05
42291 64.92
34565 313.85
72925 690.11
59481 780.63
87151 566.59
96956 430.44
47713 227.62
79476 33.02
35423 499.93
87171 613.1
83736 772.67
83736 830.98
42291 115.4
18516 596.9
47713 609.17
28621 483.61
87151 864.3
47713 416.19
35423 228.92
46227 708.95
66469 306.18
31779 331.68
83736 487.6
63572 33.57
59481 151.16
18516 144.0
18516 838.99
47713 199.41
21627 457.76
43726 462.5
96956 251.4
89612 531.47
34565 737.99
79476 34.74
21627 96.28
28621 695.0
31779 721.88
89612 874.64
59481 662.87
92957 556.37
89612 27.69
79476 725.1
31779 637.74
21627 174.64
83736 169.83
35423 345.96
46227 814.84
83736 99.24
59481 702.32
67935 782.65
89612 516.62
21627 685.76
96956 315.73
43726 492.03
83736 4.64
66469 430.67
99115 892.44
34565 392.41
42291 126.21
61884 642.21
47713 313.46
43726 662.05
43726 819.81
67935 455.51
87171 445.29
87171 171.69
66469 431.33
46227 344.86
31779 781.0
43726 357.9
46227 562.71
46227 367.72
61884 457.18
46227 97.78
83736 75.4
87171 308.6
31779 249.92
72925 639.78
43726 596.46
66469 645.0
46227 366.27
31779 580.09
66469 151.19
87171 560.25
96956 93.58
89612 463.34
83736 229.21
72925 167.54
72925 588.12
99115 394.0
42291 869.15
61884 235.41
42291 263.51
96956 29.69
42291 427.24
83736 556.91
63572 453.67
59481 617.68
87171 486.07
87171 617.34
42291 328.01
43726 789.5
47713 602.12
34565 571.89
42291 813.8
92957 743.67
61884 809.29
21627 269.28
87171 90.75
67935 420.73
18516 475.31
96956 76.21
79476 591.04
42291 58.14
79476 726.19
67935 351.64
72925 781.56
18516 325.22
31779 708.81
83736 348.28
99115 415.52
21627 466.15
46227 7.9
83736 439.07
34565 54.69
34565 146.52
21627 799.98
21627 509.75
66469 214.01
99115 364.81
66469 889.59
34565 508.17
79476 572.88
47713 794.4
35423 862.78
61884 771.04
79476 894.82
28621 559.96
79476 125.52
43726 499.77
31779 744.73
34565 20.57
28621 23.72
61884 287.85
92957 501.05
21627 331.9
92957 763.77
99115 392.36
89612 676.53
21627 8.93
21627 802.55
67935 254.32
34565 402.38
21627 808.85
61884 653.36
67935 28.93
47713 570.95
72925 443.22
87151 718.98
43726 847.03
99115 625.58
35423 709.79
89612 489.26
72925 712.05
63572 549.96
99115 243.51
34565 102.94
18516 233.32
87171 2.02
31779 878.06
83736 115.02
35423 244.77
66469 843.25
21627 332.25
28621 214.15
66469 324.36
96956 71.69
28621 689.93
96956 100.29
63572 365.54
83736 834.61
87151 340.46
47713 545.51
79476 203.08
43726 851.96
28621 179.24
59481 602.93
18516 66.95
59481 818.35
61884 480.11
92957 287.8
61884 330.26
46227 167.88
18516 839.38
99115 97.71
72925 857.21
35423 395.2
72925 513.98
61884 689.91
18516 812.77
18516 662.03
18516 328.38
87151 784.91
87151 68.31
34565 180.52
46227 718.4
92957 851.86
61884 773.22
72925 367.95
83736 653.28
87171 329.63
79476 294.77
66469 832.7
35423 632.23
83736 141.78
34565 100.53
59481 57.43
79476 557.66
34565 761.23
72925 173.02
35423 250.01
83736 390.49
47713 561.16
67935 764.41
99115 313.31
35423 383.99
42291 217.69
96956 163.68
46227 507.67
63572 157.93
59481 639.14
79476 27.58
83736 15.75
99115 848.05
34565 38.7
21627 114.12
42291 690.51
43726 126.81
92957 291.84
96956 285.48
63572 631.1
89612 411.77
18516 770.99
67935 249.37
72925 877.2
35423 198.73
87151 893.3
89612 509.04
28621 476.28
87151 835.6
72925 895.14
28621 453.0
87171 750.31
99115 274.09
67935 31.62
28621 54.93
83736 802.52
21627 681.74
21627 270.26
61884 750.22
89612 316.86
43726 435.6
83736 590.78
31779 333.26
28621 834.26
59481 543.0
92957 465.31
92957 189.09
28621 823.79
87171 130.01
42291 221.61
59481 560.11
87151 319.01
83736 504.48
72925 340.29
28621 118.16
34565 175.4
79476 524.7
72925 326.37
59481 822.39
79476 21.83
61884 60.19
63572 465.92
66469 566.2
83736 390.76
66469 396.93
28621 892.58
87151 63.55
66469 442.72
92957 707.35
28621 540.17
61884 239.97
87171 679.93
79476 879.1
31779 10.48
61884 698.0
79476 809.75
59481 459.43
46227 385.37
61884 211.49
47713 251.97
63572 156.46
43726 733.87
87171 106.2
42291 141.38
34565 250.7
59481 572.89
61884 622.34
89612 678.06
61884 240.17
96956 135.54
42291 674.86
61884 655.03
66469 12.15
21627 193.43
99115 709.76
79476 628.82
96956 34.22
72925 477.78
92957 862.93
31779 336.27
72925 181.79
21627 456.88
92957 686.02
61884 473.47
28621 43.21
66469 270.41
61884 64.93
61884 75.45
99115 656.39
66469 712.91
66469 210.5
31779 708.12
59481 245.51
87151 182.11
92957 363.77
34565 24.87
61884 590.18
89612 287.31
79476 355.13
79476 613.81
21627 756.83
28621 509.51
28621 18.06
99115 36.83
96956 143.04
31779 299.74
43726 137.62
28621 708.67
34565 516.5
66469 814.46
72925 646.91
79476 815.02
87151 624.82
63572 575.42
87151 88.71
47713 811.17
46227 117.31
89612 237.33
35423 84.68
67935 195.99
87171 706.86
89612 320.76
61884 791.12
59481 785.6
63572 737.27
89612 701.95
59481 710.12
35423 290.63
35423 314.37
99115 730.88
66469 563.49
67935 782.1
34565 216.1
67935 249.56
66469 524.98
89612 66.74
63572 831.29
89612 463.69
92957 629.35
43726 231.37
59481 7.5
28621 221.09
21627 91.84
47713 479.29
31779 888.04
59481 380.15
34565 433.38
92957 444.57
61884 439.38
46227 142.47
79476 337.97
47713 157.42
42291 309.14
31779 788.09
61884 17.72
89612 114.57
42291 55.0
79476 892.84
46227 322.3
87151 104.51
59481 422.1
21627 330.34
99115 133.73
31779 623.88
47713 784.97
35423 727.35
61884 100.29
46227 658.9
21627 676.1
72925 345.09
63572 590.19
28621 101.91
31779 651.16
87171 670.68
21627 815.83
92957 707.75
47713 681.28
59481 277.72
63572 813.74
42291 30.72
61884 25.06
18516 221.96
59481 487.64
35423 255.87
42291 778.01
67935 83.85
96956 324.15
96956 298.67
67935 402.46
47713 271.7
47713 538.65
63572 404.16
89612 852.1
31779 11.76
35423 690.92
43726 662.46
83736 72.55
42291 642.25
79476 684.45
72925 683.4
42291 722.18
47713 272.34
35423 62.55
34565 174.51
31779 395.97
34565 140.2
92957 533.45
47713 772.91
99115 247.75
47713 550.57
99115 632.68
67935 115.04
87151 570.45
96956 210.51
21627 139.91
35423 747.82
67935 350.32
79476 112.9
83736 344.95
87171 285.36
87171 574.53
99115 422.33
89612 71.3
83736 594.99
79476 761.8
67935 430.12
28621 831.66
83736 446.54
89612 748.69
42291 138.84
72925 760.79
46227 213.92
46227 141.21
87171 683.94
