59.7
37.4
53.9
54.8
41.4
56.2
47.1
24.0
66.3
66.3
49.3
49.5
54.8
51.2
53.7
31.4
53.9
58.2
69.7
51.2
81.6
85.1
47.9
54.3
11.9
36.5
14.8
31.4
81.6
76.8
49.3
24.0
84.8
61.4
20.2
51.2
14.8
19.4
31.0
41.4
10.2
47.9
58.2
40.7
13.4
70.0
88.7
81.6
20.2
70.0
53.5
39.9
56.2
23.0
10.0
47.9
89.6
54.8
70.0
47.3
31.0
57.5
54.3
89.9
56.2
29.5
47.9
29.9
89.9
20.2
64.0
31.0
31.4
15.7
53.7
64.0
23.0
59.7
11.9
49.3
57.5
20.2
69.7
64.0
26.8
31.4
14.8
10.9
61.4
76.8
84.8
59.7
89.9
23.0
49.5
31.0
37.4
71.5
68.0
85.1
67.0
53.5
15.7
57.5
37.4
39.9
19.4
51.6
69.7
29.3
54.8
89.6
29.5
54.3
47.1
78.2
15.7
29.9
53.5
53.7
85.1
29.5
40.7
53.9
10.2
66.3
47.3
47.1
26.8
69.7
47.3
39.9
24.0
20.2
11.9
67.0
29.3
78.2
29.5
36.5
61.5
39.9
20.2
47.1
26.8
19.4
70.0
88.9
53.5
47.3
51.6
47.1
20.2
54.3
29.9
10.9
36.5
47.1
71.5
79.2
20.7
49.3
15.7
58.2
13.4
67.0
59.7
13.4
78.2
10.2
64.0
51.2
56.2
10.0
79.2
84.8
49.5
71.5
41.4
89.6
29.3
10.9
41.4
29.9
61.4
49.5
53.9
19.4
10.0
68.0