34565 290.61
34565 90.04
87171 167.23
72925 497.01
96956 148.56
92957 147.46
46227 57.89
43726 214.37
46227 68.27
87171 241.38
31779 110.08
59481 478.15
83736 273.98
63572 210.11
35423 67.62
63572 495.91
31779 97.12
46227 80.82
47713 458.16
67935 348.25
96956 326.7
87171 360.62
92957 264.79
63572 479.02
92957 77.99
67935 453.03
61884 231.64
34565 440.88
31779 50.89
72925 414.81
89612 57.49
66469 456.69
87151 46.1
87171 41.66
28621 383.96
67935 236.53
87151 293.8
63572 204.78
96956 379.43
42291 425.4
18516 200.97
28621 411.81
72925 374.44
72925 355.72
35423 319.76
87171 156.38
47713 454.68
67935 366.85
18516 148.52
46227 491.61
79476 360.86
21627 382.91
63572 197.72
59481 122.73
18516 461.73
83736 482.1
35423 354.61
66469 483.15
67935 271.08
34565 439.28
18516 100.76
21627 195.31
61884 111.32
59481 216.59
35423 108.77
43726 23.55
31779 353.34
21627 475.09
72925 347.12
28621 4.57
87151 177.43
89612 349.57
28621 72.3
87151 460.88
72925 167.12
43726 319.81
99115 384.29
83736 483.09
18516 82.13
28621 95.78
63572 22.11
79476 486.9
87151 358.45
18516 231.3
72925 189.92
59481 212.31
67935 420.02
67935 97.19
89612 497.51
72925 26.98
28621 21.98
99115 106.64
18516 338.94
34565 375.57
99115 340.22
67935 318.19
46227 428.64
47713 256.21
92957 17.57
59481 87.09
34565 109.4
83736 49.93
89612 1.54
18516 112.63
61884 130.64
21627 128.17
34565 13.01
31779 207.84
67935 27.67
42291 273.45
47713 32.13
35423 433.06
66469 194.88
99115 91.52
61884 290.67
42291 278.98
21627 269.57
31779 338.1
72925 398.07
34565 343.69
43726 49.45
87171 304.46
87151 498.83
43726 496.14
96956 281.48
47713 184.13
89612 308.41
79476 180.47
35423 138.79
63572 492.16
79476 17.99
18516 384.25
72925 252.64
47713 182.76
34565 77.52
18516 16.93
67935 463.7
42291 72.66
28621 244.37
47713 81.37
47713 217.03
21627 336.64
66469 115.42
42291 306.59
59481 18.0
63572 194.56
92957 213.41
35423 164.7
61884 285.7
99115 84.07
83736 192.67
67935 258.17
46227 195.98
67935 345.17
87151 8.99
34565 411.07
92957 154.9
87171 106.82
21627 236.52
66469 412.33
99115 336.45
83736 351.84
34565 431.25
35423 159.51
42291 322.96
87171 410.85
72925 256.6
63572 35.33
34565 174.16
35423 248.1
31779 261.82
87171 42.34
42291 375.5
61884 173.34
31779 167.46
83736 137.17
43726 468.93
42291 332.62
83736 23.02
28621 129.72
46227 7.74
31779 97.29
42291 67.06
34565 45.04
42291 310.64
87171 43.76
63572 442.92
47713 272.29
63572 365.28
47713 293.02
59481 70.68
59481 140.48
96956 20.51
89612 27.75
43726 157.76
43726 459.36
42291 177.14
59481 41.44
66469 232.99
87151 290.42
87151 227.73
43726 244.66
72925 359.43
66469 477.69
96956 226.51
79476 122.87
35423 113.68
96956 65.9
47713 372.48
72925 442.91
34565 359.02
83736 433.56
87171 385.57
21627 100.04
87151 160.23
87171 156.92
67935 93.19
35423 487.75
87171 416.39
28621 422.95
63572 239.86
83736 371.61
79476 358.48
83736 20.12
47713 44.63
79476 313.41
18516 7.33
63572 484.68
43726 93.97
72925 176.81
31779 40.25
92957 417.09
21627 345.89
43726 499.68
59481 334.21
59481 377.5
67935 133.0
87151 101.35
34565 432.47
59481 136.86
42291 77.24
34565 335.22
99115 389.79
92957 117.81
63572 78.02
21627 147.73
79476 211.33
63572 29.86
99115 39.34
18516 336.94
79476 240.81
21627 151.01
83736 235.1
89612 316.99
21627 10.51
42291 329.83
92957 420.93
67935 424.48
59481 228.16
83736 338.14
96956 365.48
43726 171.41
66469 12.1
99115 73.38
47713 434.01
34565 207.44
66469 301.81
34565 247.11
28621 160.23
31779 89.01
83736 380.13
92957 80.62
42291 219.96
47713 59.3
99115 269.84
67935 48.45
99115 132.91
89612 309.9
96956 226.42
72925 23.56
79476 266.78
63572 72.07
79476 78.62
89612 334.87
99115 446.19
79476 331.85
83736 215.07
99115 367.41
67935 429.15
31779 95.06
92957 148.36
99115 28.16
87151 108.29
96956 207.92
99115 26.94
79476 399.35
67935 62.94
67935 183.14
99115 400.17
63572 275.18
79476 149.42
42291 51.92
66469 260.51
46227 283.83
66469 17.75
96956 318.96
66469 391.06
83736 313.81
87151 295.55
87151 393.66
18516 195.07
72925 9.12
46227 251.23
43726 341.62
28621 148.18
59481 292.8
31779 367.09
72925 256.54
72925 440.26
96956 296.72
96956 341.26
89612 141.99
35423 72.94
34565 371.48
92957 6.92
34565 412.14
42291 399.67
67935 342.45
34565 129.54
59481 441.42
87151 67.74
79476 292.75
18516 60.49
42291 112.4
83736 289.0
72925 372.7
46227 203.66
67935 391.47
47713 56.03
72925 136.85
43726 439.81
87151 229.49
92957 167.1
92957 257.95
87151 152.68
89612 456.45
42291 484.98
99115 256.64
34565 411.95
31779 177.23
87171 39.4
66469 383.21
46227 135.83
79476 493.64
31779 431.79
66469 440.71
47713 93.59
34565 478.57
92957 419.04
87151 380.3
18516 457.78
99115 160.48
87151 466.85
87151 196.33
66469 58.96
87151 129.74
18516 270.34
34565 487.83
28621 298.96
67935 478.0
92957 475.65
42291 293.93
59481 454.2
18516 302.38
99115 142.37
61884 402.11
79476 157.28
79476 228.7
47713 30.38
61884 202.01
99115 274.6
63572 460.76
43726 496.15
83736 188.53
87171 292.91
96956 243.71
34565 23.9
63572 381.84
35423 256.72
99115 437.51
99115 433.78
67935 210.34
66469 251.24
61884 234.58
42291 493.72
99115 236.22
87171 492.36
46227 228.38
83736 428.96
46227 355.12
87151 65.82
87171 250.33
89612 281.21
89612 370.73
61884 126.64
28621 449.88
47713 230.66
87171 292.34
28621 372.32
47713 59.18
59481 422.64
96956 103.48
99115 73.05
34565 87.51
92957 49.68
83736 50.38
47713 346.19
87151 480.84
42291 337.43
35423 156.23
87151 32.4
28621 49.11
34565 489.91
34565 224.67
28621 348.31
67935 205.34
21627 419.14
28621 184.26
31779 499.82
18516 116.91
43726 75.53
34565 285.95
21627 43.39
46227 131.18
43726 498.98
92957 24.13
63572 371.17
47713 27.18
42291 25.86
83736 26.23
18516 313.9
79476 306.13
83736 295.74
59481 288.28
61884 219.75
35423 329.5
63572 153.53
43726 6.4
87171 147.26
61884 456.8
92957 464.25
87171 180.26
34565 279.28
99115 497.39
18516 295.48
61884 481.23
96956 137.39
63572 423.45
87151 163.86
35423 220.56
79476 154.21
87151 373.55
67935 399.38
35423 259.79
59481 196.22
47713 256.06
99115 113.06
87151 363.76
87171 133.93
83736 414.39
42291 281.21
43726 92.43
43726 479.65
35423 425.42
96956 290.9
79476 120.97
42291 124.59
42291 428.38
83736 258.56
67935 295.42
92957 118.12
47713 333.67
43726 245.3
96956 470.34
66469 29.42
43726 39.74
89612 77.96
87171 428.06
18516 226.01
43726 213.57
89612 144.04
72925 84.44
42291 396.14
87151 309.82
59481 352.65
46227 120.34
66469 328.2
79476 29.69
31779 308.19
87171 40.32
61884 313.27
66469 228.93
96956 57.22
42291 382.07
79476 225.23
18516 274.3
59481 75.16
59481 426.77
67935 329.11
96956 55.61
63572 246.16
46227 308.21
66469 329.24
96956 119.6
92957 464.98
72925 249.85
35423 354.94
96956 170.68
35423 170.9
31779 35.45
59481 95.93
18516 396.56
59481 396.55
96956 105.04
42291 314.63
61884 286.45
28621 330.81
83736 370.86
18516 216.13
96956 129.08
61884 108.51
83736 295.59
63572 300.57
31779 17.79
46227 351.49
72925 140.67
79476 182.14
87151 404.47
63572 87.83
42291 301.57
31779 490.4
43726 159.72
96956 472.86
66469 217.96
66469 340.11
21627 273.76
99115 173.67
35423 287.96
89612 148.16
72925 113.79
61884 99.51
31779 121.03
79476 413.51
72925 302.95
79476 487.43
63572 390.44
72925 352.02
34565 362.93
18516 275.46
61884 384.4
83736 273.5
18516 265.11
96956 351.83
47713 291.51
31779 115.49
83736 119.07
31779 54.1
66469 407.25
18516 432.69
83736 180.6
87151 221.82
63572 273.31
28621 180.15
92957 210.17
79476 449.49
72925 434.39
47713 104.9
79476 360.36
79476 355.07
61884 429.15
61884 149.25
67935 313.56
31779 60.62
18516 424.04
92957 1.87
72925 273.64
31779 118.17
67935 459.03
46227 34.12
35423 164.18
43726 59.63
89612 350.93
34565 242.22
92957 297.46
72925 205.87
79476 121.01
83736 419.21
46227 159.88
89612 265.83
35423 236.87
43726 386.29
34565 153.86
42291 366.42
21627 297.44
31779 402.42
59481 460.17
31779 145.94
28621 58.85
96956 289.93
31779 148.99
42291 235.63
92957 371.24
89612 418.52
46227 364.88
92957 106.3
79476 111.24
47713 30.13
72925 100.97
99115 129.33
43726 162.76
92957 33.02
21627 64.4
67935 352.87
89612 226.64
34565 448.93
21627 320.66
28621 365.48
72925 340.22
42291 2.51
63572 436.06
34565 463.04
42291 361.08
87171 82.69
87171 219.21
46227 28.42
99115 206.86
47713 62.78
87171 158.65
72925 193.77
83736 318.15
34565 110.49
87151 285.92
43726 480.56
99115 458.69
79476 88.17
87171 332.43
66469 17.14
59481 113.06
87171 467.36
59481 72.41
72925 36.44
42291 288.47
47713 277.04
66469 63.69
34565 340.01
31779 28.92
21627 101.03
99115 451.4
87171 111.55
35423 426.59
79476 48.65
18516 89.32
67935 491.18
59481 285.44
47713 180.19
21627 215.8
79476 339.69
35423 44.76
61884 204.7
43726 369.97
43726 161.68
99115 329.58
18516 35.8
96956 469.73
31779 263.81
87151 53.47
92957 478.46
87151 152.53
99115 380.25
42291 282.73
87151 55.78
31779 201.52
59481 263.65
18516 320.8
72925 261.06
61884 480.53
72925 301.32
96956 259.74
83736 270.85
21627 61.61
47713 323.51
99115 359.22
43726 224.33
46227 128.71
83736 442.83
92957 487.99
35423 117.86
96956 477.97
87171 333.56
42291 43.41
61884 477.94
61884 302.75
99115 323.55
31779 182.65
18516 71.93
31779 440.24
31779 456.29
59481 90.37
79476 283.57
87151 484.71
42291 249.18
21627 302.76
92957 303.66
59481 37.32
43726 464.47
35423 259.08
72925 125.14
61884 54.02
28621 213.54
87171 128.3
96956 34.39
83736 95.2
61884 193.12
66469 330.25
31779 353.73
99115 240.5
28621 109.05
99115 104.15
34565 97.73
46227 9.27
63572 405.46
83736 40.57
18516 465.18
34565 388.07
96956 310.59
99115 135.98
87171 438.44
99115 318.56
63572 388.1
89612 412.21
96956 9.75
92957 352.92
43726 82.86
46227 104.19
59481 121.57
83736 227.36
66469 126.93
72925 122.68
46227 109.22
87151 480.19
96956 84.25
59481 403.04
67935 96.14
47713 384.97
89612 342.28
63572 236.86
79476 298.69
66469 324.16
67935 261.37
28621 189.37
21627 320.97
59481 457.31
34565 474.42
21627 111.45
59481 27.27
96956 248.17
72925 82.43
89612 38.8
47713 97.66
89612 73.26
59481 498.66
83736 482.96
18516 61.73
46227 353.94
34565 453.34
99115 33.38
66469 351.32
59481 84.15
43726 264.21
92957 238.69
66469 191.47
79476 64.51
63572 109.31
28621 331.2
67935 421.6
72925 485.71
59481 31.08
67935 103.43
47713 186.11
99115 307.91
63572 258.22
18516 432.52
42291 472.64
63572 389.05
42291 305.09
35423 211.01
43726 145.89
79476 491.51
46227 17.64
72925 454.15
61884 456.02
79476 236.41
72925 214.61
35423 419.83
43726 386.42
43726 49.49
89612 245.53
83736 178.84
92957 378.47
21627 358.15
46227 86.23
28621 300.48
66469 476.3
21627 74.48
46227 26.02
61884 79.79
83736 55.67
35423 144.18
28621 173.68
28621 74.16
59481 158.67
72925 35.37
83736 178.51
99115 293.45
83736 35.26
42291 322.84
34565 235.31
61884 353.48
21627 105.69
99115 399.42
35423 22.34
72925 220.19
87151 260.3
99115 355.87
79476 329.54
42291 384.55
35423 19.86
96956 227.66
46227 495.11
72925 127.07
59481 182.35
47713 144.16
28621 385.41
83736 327.12
61884 146.27
72925 141.51
67935 482.67
96956 245.18
28621 444.57
46227 73.39
31779 433.05
59481 322.79
61884 332.09
83736 13.62
35423 388.42
66469 337.59
61884 115.36
96956 456.8
35423 144.49
21627 14.41
83736 302.0
34565 488.72
87151 384.71
34565 461.2
21627 462.38
28621 230.53
63572 70.65
72925 177.18
87171 19.98
83736 378.8
67935 321.66
92957 451.08
72925 231.07
21627 93.98
83736 35.0
21627 191.39
46227 154.96
47713 394.08
92957 134.95
87151 325.86
67935 161.75
87171 271.65
42291 220.57
72925 160.74
28621 320.96
21627 377.8
89612 87.17
92957 387.09
28621 422.83
63572 33.1
59481 53.85
87171 343.23
21627 426.06
42291 486.02
79476 327.3
99115 240.55
66469 153.53
59481 105.64
21627 385.84
28621 194.97
28621 320.6
34565 346.76
67935 421.04
18516 289.67
87151 170.05
72925 124.48
99115 399.71
96956 480.25
92957 366.92
43726 404.26
34565 449.23
34565 1.85
87151 64.38
92957 392.3
99115 87.73
79476 135.11
28621 84.73
96956 153.53
59481 472.45
18516 459.97
18516 338.11
79476 170.61
89612 482.39
28621 18.94
59481 365.23
28621 3.12
43726 157.48
67935 154.9
89612 463.74
42291 108.04
18516 355.25
87151 148.83
87171 2.27
83736 318.6
34565 479.49
43726 61.33
61884 217.65
87171 218.03
42291 457.77
92957 319.67
21627 445.66
28621 183.05
43726 308.53
89612 181.2
35423 444.33
72925 162.82
96956 453.34
72925 206.75
47713 287.94
87151 166.2
83736 27.67
83736 323.62
99115 376.68
72925 303.87
72925 230.82
18516 27.16
18516 404.44
59481 323.79
92957 48.41
31779 366.58
87151 47.22
34565 355.49
28621 24.49
43726 412.6
87171 166.06
66469 76.69
21627 37.16
83736 216.62
31779 7.34
87151 225.75
59481 298.53
89612 198.66
87151 234.18
43726 97.1
96956 359.25
66469 46.61
63572 239.49
21627 494.91
31779 389.09
83736 493.6
87171 124.65
87151 142.69
89612 158.23
63572 59.53
87171 25.12
87151 378.78
18516 264.44
42291 256.87
96956 454.96
72925 275.49
63572 304.24
63572 283.8
31779 460.85
18516 95.16
42291 139.31
46227 355.61
96956 15.87
72925 106.68
46227 303.09
89612 448.73
18516 425.08
18516 455.77
67935 171.69
18516 449.36
43726 185.3
67935 490.41
42291 409.06
47713 257.57
99115 177.57
18516 205.69
42291 9.69
31779 269.82
31779 336.69
34565 274.33
61884 199.4
87171 452.65
31779 492.21
67935 299.43
66469 493.19
89612 259.7
89612 141.05
96956 255.83
59481 174.54
96956 110.15
35423 246.71
31779 441.22
72925 307.86
31779 170.28
28621 262.99
43726 422.29
92957 412.75
87151 410.72
31779 460.54
28621 415.77
87171 429.34
18516 451.1
43726 408.65
67935 259.1
63572 355.05
35423 346.87
66469 188.6
96956 100.56
96956 262.64
46227 188.8
31779 484.14
79476 277.32
66469 127.89
35423 151.35
35423 414.98
67935 380.34
35423 115.01
61884 142.86
79476 376.41
96956 66.77
87171 445.72
35423 411.7
83736 490.71
46227 248.56
66469 218.58
72925 443.93
31779 225.18
47713 20.06
35423 442.33
43726 329.97
87151 419.85
61884 473.69
31779 364.1
92957 73.42
87171 65.07
34565 149.43
47713 221.85
89612 4.68
47713 154.24
47713 172.37
79476 280.48
42291 210.43
92957 190.01
96956 111.34
83736 256.66
87171 62.52
96956 371.99
96956 102.62
35423 168.27
42291 37.72
59481 252.22
87171 112.82
34565 449.53
96956 189.84
96956 143.2
79476 35.16
79476 498.05
87171 10.65
89612 88.75
96956 256.33
66469 427.77
66469 72.85
87151 280.35
47713 99.37
42291 450.02
66469 6.97
28621 55.1
21627 443.38
46227 379.03
89612 420.6
46227 415.48
43726 439.93
35423 9.25
28621 317.23
46227 247.7
96956 330.53
99115 384.09
96956 378.38
46227 11.84
67935 299.32
87171 206.77
18516 23.03
87171 42.17
92957 146.9
47713 446.22
18516 98.03
96956 402.85
46227 149.29
35423 60.83
31779 390.01
18516 35.57
35423 350.31
66469 449.04
72925 430.75
66469 352.64
83736 53.58
63572 68.34
63572 438.94
72925 370.49
47713 339.77
47713 183.13
89612 338.84
18516 340.79
18516 96.8
42291 15.05
42291 328.12
21627 420.87
59481 98.85
47713 450.03
35423 491.66
63572 306.17
66469 299.14
89612 215.26
96956 6.89
79476 489.04
43726 150.34
72925 15.4
21627 361.77
35423 336.19
42291 293.1
96956 240.78
83736 360.25
46227 174.78
42291 185.77
18516 435.3
72925 26.9
43726 180.8
66469 378.14
21627 359.57
89612 265.1
59481 77.52
47713 71.74
59481 127.07
61884 457.4
18516 92.2
67935 73.46
35423 197.38
31779 34.22
79476 123.36
31779 69.64
87171 150.49
31779 56.7
42291 37.31
46227 174.54
34565 175.83
67935 164.37
83736 412.49
21627 313.85
67935 227.7
67935 254.12
42291 264.61
87171 154.75
47713 471.6
66469 312.94
99115 466.62
79476 499.85
18516 330.56
35423 173.28
87171 102.75
18516 377.05
63572 287.25
83736 74.45
28621 143.04
21627 73.58
66469 62.17
34565 273.34
63572 56.37
92957 132.86
42291 330.15
42291 395.12
89612 458.53
87151 294.74
47713 64.22
18516 130.47
34565 289.16
87151 286.29
83736 175.23
89612 192.4
83736 214.12
34565 67.72
92957 347.25
47713 468.69
67935 77.31
63572 412.85
34565 427.46
43726 401.3
99115 379.22
43726 134.02
46227 302.14
83736 25.43
96956 169.5
67935 34.04
28621 489.91
35423 416.24
92957 253.21
99115 392.92
83736 21.4
89612 126.97
63572 452.72
35423 93.13
92957 187.09
47713 142.07
67935 263.55
42291 105.76
96956 460.0
31779 101.19
83736 188.16
83736 347.15
47713 323.26
66469 203.61
43726 69.54
59481 67.28
79476 368.57
42291 441.13
61884 457.46
61884 189.99
67935 192.85
83736 23.65
47713 480.73
66469 430.1
61884 68.2
61884 356.25
18516 32.59
46227 399.04
72925 291.49
42291 319.9
96956 388.01
92957 108.95
79476 391.76
89612 259.23
99115 425.87
34565 75.27
72925 333.62
28621 398.66
28621 279.0
21627 290.04
92957 241.68
83736 193.94
35423 137.32
21627 1.58
59481 456.29
18516 392.29
59481 381.89
99115 138.81
18516 406.71
79476 10.79
35423 397.82
99115 429.43
21627 451.83
87151 476.47
67935 71.33
28621 201.79
89612 226.16
72925 98.1
63572 387.81
42291 479.24
63572 41.43
66469 242.25
21627 171.7
47713 379.45
42291 432.06
34565 379.6
18516 456.86
99115 48.98
18516 208.24
47713 12.09
35423 377.52
28621 424.18
28621 250.55
79476 173.73
87171 401.33
83736 46.03
89612 405.85
42291 289.38
46227 390.38
99115 427.89
99115 306.22
28621 422.58
42291 255.32
28621 358.82
89612 323.55
21627 62.06
35423 148.7
96956 295.93
31779 243.75
99115 25.71
83736 159.85
35423 470.67
28621 240.32
66469 203.25
96956 93.16
89612 423.33
99115 432.61
59481 204.38
83736 495.11
46227 37.93
34565 434.63
28621 123.42
87171 338.8
61884 386.62
42291 178.09
28621 8.92
46227 330.05
87171 301.97
72925 462.29
28621 62.6
35423 449.36
42291 153.37
42291 304.57
61884 375.49
28621 456.93
42291 238.56
79476 223.99
67935 280.25
87151 11.3
34565 45.82
18516 38.87
96956 375.97
67935 165.02
43726 221.88
31779 130.2
63572 236.27
87151 476.95
63572 386.65
42291 128.89
99115 347.36
21627 442.89
31779 149.24
46227 39.79
35423 165.36
31779 378.36
96956 406.69
79476 484.86
42291 299.02
87151 228.92
43726 320.97
21627 200.08
61884 273.85
63572 2.63
92957 326.96
18516 246.69
96956 105.75
46227 304.61
34565 342.05
89612 26.46
21627 108.05
47713 119.19
67935 499.77
96956 184.67
43726 486.56
61884 116.03
66469 38.81
43726 480.11
35423 339.5
34565 409.97
87171 343.04
18516 135.8
34565 51.22
67935 22.68
99115 315.82
28621 321.39
43726 381.76
42291 399.39
61884 57.86
21627 92.49
61884 321.45
87171 452.27
83736 215.63
79476 146.21
43726 140.18
92957 351.81
66469 196.71
92957 25.72
83736 431.95
63572 228.77
47713 38.58
96956 237.25
61884 216.97
92957 355.82
87151 93.17
92957 491.43
87171 453.52
43726 129.1
21627 173.97
42291 73.59
83736 60.41
35423 435.79
31779 82.63
61884 83.21
35423 481.44
99115 341.9
28621 231.48
99115 16.12
46227 66.11
67935 215.25
96956 477.22
46227 459.66
99115 142.56
61884 235.94
89612 363.41
59481 388.01
21627 395.79
47713 114.29
31779 183.12
35423 450.03
59481 420.36
18516 460.81
66469 157.6
79476 415.87
47713 263.11
43726 494.9
47713 175.27
43726 86.28
61884 59.1
43726 129.96
72925 195.48
92957 475.21
63572 148.36
92957 37.83
59481 136.03
34565 92.51
61884 168.47
46227 478.74
59481 104.05
87151 146.43
83736 143.54
67935 291.28
47713 331.82
87171 445.57
83736 19.74
87151 57.75
43726 368.12
63572 110.53
34565 112.59
89612 187.35
47713 487.97
87171 281.55
96956 171.93
21627 54.96
59481 137.32
72925 292.45
59481 478.48
18516 106.47
66469 139.49
66469 104.74
59481 31.35
47713 140.3
59481 279.56
89612 387.84
47713 374.31
61884 342.39
31779 415.18
59481 66.38
43726 406.71
92957 25.73
87171 126.88
28621 258.51
61884 252.42
87171 255.07
46227 476.66
46227 420.85
61884 305.6
89612 110.94
31779 327.86
42291 401.5
99115 478.14
43726 430.7
66469 419.05
46227 186.11
21627 451.7
63572 455.84
34565 319.56
92957 415.67
92957 117.63
89612 246.13
31779 411.4
87171 395.05
96956 219.51
66469 329.16
99115 162.96
34565 256.32
34565 303.81
21627 446.94
46227 375.9
35423 196.27
67935 361.96
43726 353.2
99115 84.33
42291 478.79
21627 161.11
43726 58.99
87171 101.74
87171 111.84
47713 485.63
89612 26.76
21627 248.61
63572 401.75
67935 163.45
63572 180.9
83736 217.98
72925 281.39
96956 202.13
66469 111.58
87151 39.9
21627 272.33
67935 255.75
47713 240.86
96956 77.59
43726 328.02
66469 267.52
46227 172.84
18516 452.12
34565 322.97
89612 252.87
92957 196.04
43726 393.67
47713 448.76
42291 3.12
28621 267.12
61884 97.59
72925 148.49
87151 18.34
63572 14.97
87151 19.12
47713 146.18
35423 280.29
21627 91.55
87151 227.72
34565 158.41
21627 212.46
63572 389.48
83736 235.0
18516 462.72
92957 343.77
47713 209.9
59481 453.18
87151 196.85
35423 311.69
18516 417.32
28621 94.54
72925 142.98
96956 58.21
72925 274.83
66469 341.43
59481 13.59
67935 3.42
61884 196.16
31779 82.37
79476 207.95
79476 281.83
34565 493.0
87171 380.12
99115 317.25
89612 337.03
21627 236.65
42291 6.48
66469 74.0
61884 174.76
59481 296.8
47713 330.25
47713 170.8
79476 188.32
66469 452.68
18516 215.22
46227 66.59
59481 283.09
46227 406.79
18516 310.67
66469 337.68
21627 404.18
28621 25.77
79476 215.85
21627 449.56
46227 321.13
31779 347.75
83736 448.11
83736 354.44
67935 252.28
67935 497.82
35423 444.82
59481 193.25
31779 383.0
83736 446.17
79476 89.24
31779 242.1
89612 475.23
18516 428.49
92957 155.6
35423 341.6
21627 439.11
21627 465.74
47713 50.97
31779 104.14
34565 464.64
66469 30.27
87151 343.63
46227 188.81
96956 432.52
42291 478.83
92957 108.03
87151 353.68
61884 138.28
83736 126.92
63572 121.5
47713 33.96
61884 89.8
35423 482.56
21627 120.3
63572 204.22
72925 250.29
42291 212.72
47713 370.96
21627 430.0
35423 304.3
96956 390.92
59481 33.88
47713 329.53
28621 96.86
43726 250.38
31779 33.43
67935 432.0
87171 393.78
28621 260.66
89612 121.66
34565 352.17
43726 455.2
99115 484.56
18516 330.03
87171 1.24
96956 211.96
92957 448.26
34565 238.18
18516 498.47
63572 312.9
31779 254.42
18516 138.45
47713 391.25
59481 398.17
99115 256.86
31779 200.53
34565 89.54
28621 385.88
87171 313.09
21627 387.23
63572 129.68
18516 405.61
96956 25.64
63572 1.05
63572 144.78
96956 70.79
87171 335.3
67935 230.96
59481 360.75
63572 157.94
87171 150.84
72925 125.26
87171 59.3
89612 239.07
96956 20.32
18516 448.83
63572 245.22
35423 96.63
35423 141.2
67935 74.53
72925 326.73
59481 74.47
89612 135.84
59481 438.5
47713 210.22
34565 370.17
18516 116.8
46227 66.09
47713 25.9
35423 14.01
87151 246.44
99115 28.65
67935 330.67
59481 253.5
99115 193.63
59481 481.2
67935 232.16
96956 255.12
46227 231.73
31779 59.75
35423 415.61
99115 475.11
59481 35.95
89612 308.57
28621 315.57
42291 184.75
47713 426.99
59481 242.26
67935 234.12
87151 345.01
79476 391.86
31779 119.75
35423 202.52
92957 242.69
92957 44.67
63572 123.42
35423 498.49
92957 101.15
92957 305.16
42291 31.62
28621 397.62
92957 243.83
61884 399.7
83736 226.35
72925 33.71
28621 467.63
83736 29.21
87171 172.91
79476 472.81
61884 278.85
42291 383.94
31779 172.18
46227 455.92
28621 100.82
28621 407.91
79476 171.23
87151 39.04
67935 330.11
21627 438.09
31779 218.52
61884 85.21
47713 377.89
61884 458.34
21627 165.94
42291 259.21
18516 270.83
47713 142.64
42291 80.64
92957 115.52
66469 446.31
63572 482.37
42291 415.06
63572 434.78
83736 400.89
83736 280.77
46227 113.56
61884 468.72
87171 223.88
42291 395.07
43726 294.99
46227 325.56
87151 473.17
63572 261.36
59481 163.44
63572 224.86
83736 104.91
79476 11.25
66469 203.23
79476 236.42
47713 208.31
72925 195.5
83736 252.9
59481 256.55
66469 292.24
63572 455.54
47713 11.27
35423 472.65
63572 76.4
18516 284.49
96956 107.89
59481 257.79
34565 238.28
42291 182.48
47713 341.91
72925 127.83
89612 279.03
83736 287.27
72925 19.41
47713 490.83
35423 323.52
92957 192.05
18516 470.67
72925 277.89
34565 315.0
47713 369.68
87171 352.53
43726 346.11
83736 1.73
83736 93.29
59481 336.49
47713 395.15
66469 481.79
43726 288.91
87171 376.72
83736 223.16
42291 158.27
59481 307.24
83736 391.65
66469 461.48
42291 320.57
61884 493.22
61884 437.93
92957 141.52
35423 10.18
63572 128.01
92957 449.31
63572 264.22
63572 237.18
99115 242.41
96956 484.14
87151 359.21
92957 317.67
43726 312.74
46227 33.63
34565 407.63
99115 278.99
35423 351.19
87171 34.64
89612 251.36
83736 11.97
61884 385.46
63572 434.76
61884 220.14
59481 167.05
59481 171.79
66469 427.42
42291 263.42
63572 289.77
21627 400.03
96956 18.66
67935 404.31
35423 4.37
63572 125.12
99115 10.88
87171 93.35
43726 427.87
89612 123.48
66469 450.9
83736 304.66
87151 192.79
89612 389.66
79476 458.17
47713 84.83
21627 286.44
66469 425.34
35423 239.44
28621 291.03
87171 199.92
43726 221.72
34565 331.12
83736 38.02
92957 244.89
18516 281.71
28621 453.02
46227 251.18
66469 475.25
34565 53.72
83736 491.07
34565 136.3
43726 293.17
89612 235.08
43726 12.37
67935 436.21
21627 300.02
61884 462.09
31779 351.38
31779 345.79
83736 344.61
42291 109.18
67935 114.89
79476 400.51
87151 40.86
87151 72.22
87151 151.43
47713 348.57
66469 282.05
46227 258.67
42291 222.44
92957 230.65
28621 102.41
66469 306.28
99115 426.79
46227 484.3
67935 150.89
43726 413.71
87151 468.37
43726 266.04
59481 185.51
43726 284.65
18516 370.15
18516 94.5
47713 78.21
21627 170.67
35423 78.42
67935 113.0
31779 116.46
18516 390.62
46227 274.46
99115 82.45
89612 66.98
43726 317.09
34565 316.18
46227 121.75
59481 464.77
35423 229.8
46227 412.04
89612 264.24
46227 340.27
96956 180.39
89612 495.77
79476 36.8
61884 71.4
79476 253.64
46227 305.7
18516 301.05
63572 303.84
18516 239.37
89612 48.36
43726 157.66
96956 422.83
92957 470.85
28621 358.58
47713 290.63
35423 46.2
67935 152.62
66469 353.49
42291 321.08
31779 363.03
21627 470.34
92957 34.45
92957 420.55
46227 245.68
87151 373.06
47713 115.55
96956 379.41
18516 152.56
35423 439.39
28621 375.73
31779 465.9
46227 136.89
43726 109.26
72925 228.67
63572 189.8
92957 317.49
43726 357.59
72925 333.46
31779 312.18
46227 26.96
83736 421.62
87151 474.14
46227 471.41
79476 241.42
59481 431.07
42291 350.72
67935 169.96
28621 149.29
83736 188.99
87171 346.24
79476 170.28
35423 80.93
59481 253.09
35423 166.48
67935 260.68
87171 96.77
47713 444.54
63572 224.19
61884 375.05
66469 20.67
47713 481.43
66469 120.15
43726 253.95
79476 79.06
46227 156.8
43726 240.61
79476 118.5
42291 369.62
92957 289.78
89612 53.3
47713 145.93
59481 71.03
47713 196.78
79476 16.8
43726 315.72
21627 110.57
43726 83.25
18516 370.58
43726 192.86
31779 358.72
42291 320.76
92957 365.08
31779 313.75
47713 478.64
18516 452.71
42291 458.26
47713 462.42
79476 382.23
43726 273.07
83736 488.1
99115 422.55
43726 485.76
66469 149.66
42291 70.85
34565 383.35
96956 127.69
89612 400.49
31779 53.6
61884 133.18
21627 312.81
28621 80.05
61884 263.71
92957 98.97
47713 249.5
66469 300.12
46227 369.93
87171 4.62
46227 452.68
87171 223.07
99115 447.68
87171 154.99
18516 25.69
63572 149.98
89612 299.21
92957 464.28
63572 230.2
31779 86.25
72925 175.99
21627 108.8
67935 24.03
28621 2.37
21627 342.43
46227 416.33
43726 202.42
89612 426.9
46227 138.16
43726 318.64
96956 69.81
79476 496.91
46227 458.18
42291 145.7
83736 359.5
21627 256.72
34565 466.26
67935 5.74
83736 200.4
59481 463.4
96956 176.54
18516 77.82
42291 89.57
63572 279.57
87171 63.14
99115 322.53
96956 381.95
89612 481.18
92957 239.12
59481 469.01
46227 259.28
63572 437.3
67935 82.99
42291 398.74
46227 9.07
59481 408.93
34565 463.56
43726 189.36
47713 443.17
63572 294.91
34565 205.48
46227 478.13
35423 188.23
99115 83.78
31779 254.42
79476 481.35
61884 198.37
63572 446.87
79476 152.33
92957 282.52
72925 367.07
63572 263.99
43726 108.98
46227 118.46
89612 132.98
67935 439.8
42291 197.14
43726 368.94
99115 105.11
83736 113.04
21627 162.5
87171 213.64
59481 346.96
66469 467.92
66469 243.51
46227 247.04
83736 230.34
72925 75.7
31779 106.72
99115 437.45
83736 433.84
46227 176.19
35423 217.28
21627 244.73
61884 467.89
63572 247.3
42291 183.84
87171 111.41
42291 381.29
66469 80.28
28621 101.52
46227 335.34
43726 237.21
47713 285.91
96956 303.54
21627 470.0
47713 204.35
99115 368.3
59481 351.36
72925 493.68
87151 462.48
96956 33.25
35423 101.76
43726 190.53
92957 467.29
59481 65.83
35423 426.21
66469 320.59
66469 192.98
42291 32.29
43726 107.78
67935 422.7
87151 99.6
18516 194.67
18516 429.69
92957 384.96
28621 295.21
43726 8.45
43726 212.08
79476 2.09
61884 223.4
35423 131.58
35423 7.1
87151 193.17
28621 97.45
34565 353.49
59481 343.84
46227 184.66
67935 11.03
43726 317.79
63572 312.71
61884 493.34
96956 90.56
66469 14.0
31779 430.05
79476 215.65
21627 299.29
42291 287.98
99115 343.7
61884 471.23
72925 211.74
79476 39.01
99115 472.54
18516 414.78
28621 111.47
43726 296.92
89612 19.32
42291 126.92
28621 212.86
21627 164.06
72925 333.45
59481 96.0
99115 144.91
79476 185.6
96956 266.88
43726 237.31
59481 149.38
42291 320.84
72925 30.66
96956 218.21
92957 68.28
89612 240.29
28621 189.83
79476 32.26
31779 139.97
67935 156.76
35423 493.94
89612 111.03
47713 470.92
43726 147.14
47713 168.15
61884 416.19
66469 490.31
72925 295.51
18516 348.73
46227 428.52
83736 424.92
43726 106.13
89612 475.2
61884 100.95
34565 47.14
63572 274.74
83736 248.16
43726 106.43
66469 14.51
34565 365.36
79476 65.48
83736 396.97
67935 488.97
43726 76.63
18516 157.2
61884 158.16
34565 226.14
87151 346.87
67935 214.66
61884 196.83
89612 325.74
92957 265.48
43726 495.85
21627 90.97
66469 149.67
92957 329.19
63572 205.99
47713 211.6
46227 439.88
47713 398.97
34565 198.71
96956 491.52
59481 163.23
66469 45.69
46227 156.91
92957 185.33
87171 499.18
43726 107.15
99115 188.91
99115 53.46
59481 12.56
18516 424.16
92957 222.56
96956 44.22
42291 101.46
89612 64.99
31779 493.35
83736 195.51
46227 200.31
35423 246.4
47713 390.55
42291 469.04
89612 331.29
87151 49.15
72925 243.59
21627 215.09
46227 257.07
31779 479.58
59481 457.82
63572 486.01
66469 107.19
72925 319.02
28621 399.39
21627 34.85
99115 26.86
87151 128.47
42291 430.88
63572 19.74
21627 69.17
21627 64.74
87171 80.81
63572 245.58
59481 147.86
66469 498.99
96956 229.51
47713 367.25
61884 361.62
35423 370.99
28621 443.75
72925 424.99
79476 158.97
21627 498.31
34565 287.19
66469 62.99
79476 362.11
61884 102.58
87171 359.04
46227 362.96
92957 250.85
87151 430.59
31779 268.38
87171 476.27
67935 288.79
87151 40.82
21627 475.89
21627 279.18
89612 52.76
18516 440.08
35423 446.07
46227 331.87
21627 255.46
28621 331.77
87151 297.8
35423 338.38
43726 65.39
87151 224.53
59481 497.54
18516 37.83
18516 68.65
63572 191.43
59481 459.71
66469 262.2
99115 89.0
79476 170.89
43726 206.64
99115 325.4
61884 268.85
63572 474.58
87151 335.01
18516 10.27
72925 416.91
46227 88.67
96956 360.69
31779 11.93
92957 92.93
43726 338.5
66469 491.12
87171 468.81
92957 242.78
61884 205.81
83736 482.47
67935 116.67
59481 221.98
35423 474.48
21627 267.79
61884 424.08
72925 471.85
28621 334.18
87151 122.38
72925 377.12
59481 449.53
67935 454.85
31779 35.62
79476 211.84
63572 102.58
89612 310.39
79476 440.57
18516 14.41
66469 223.88
43726 421.52
42291 369.18
67935 50.16
43726 71.27
92957 102.62
34565 269.14
72925 278.09
63572 396.31
21627 224.62
34565 451.48
18516 64.76
99115 418.67
21627 81.81
31779 288.03
99115 151.87
35423 362.68
46227 442.52
35423 93.88
87171 316.9
72925 240.69
18516 433.34
47713 371.0
46227 35.98
63572 256.19
46227 4.15
72925 225.1
83736 408.27
89612 123.67
21627 347.23
72925 315.21
61884 243.17
47713 344.01
21627 328.32
99115 445.3
31779 442.66
63572 154.91
46227 210.6
79476 181.39
89612 389.06
18516 17.88
99115 328.32
28621 367.35
21627 148.3
87151 133.01
47713 498.78
87171 358.96
79476 7.58
46227 486.86
21627 280.58
67935 230.87
43726 481.76
35423 290.25
46227 486.04
87151 329.19
87151 327.13
87171 129.93
61884 484.26
46227 359.29
59481 309.95
35423 176.88
31779 17.51
21627 434.5
34565 238.75
87171 460.82
83736 144.55
34565 477.99
96956 24.95
92957 496.43
96956 95.93
42291 335.81
28621 496.74
28621 440.53
21627 215.96
96956 30.82
87171 260.53
28621 206.15
61884 47.06
99115 285.33
61884 139.87
89612 393.49
31779 461.31
31779 121.18
66469 435.37
42291 115.17
35423 88.75
87171 431.16
96956 383.75
47713 244.15
47713 332.49
89612 375.31
66469 73.37
31779 329.62
89612 129.38
42291 5.4
59481 215.72
47713 13.56
61884 363.07
79476 156.57
96956 440.25
87151 344.47
99115 186.14
99115 336.71
67935 11.46
21627 200.39
63572 290.5
46227 446.03
18516 430.23
99115 282.43
61884 348.13
96956 112.96
46227 173.72
67935 149.92
61884 329.5
79476 451.68
72925 440.12
89612 124.43
31779 79.14
28621 143.94
72925 446.07
28621 408.05
83736 426.85
87151 205.29
79476 239.04
21627 82.37
59481 444.77
42291 236.35
43726 76.55
28621 315.18
42291 283.21
83736 58.87
34565 243.09
99115 457.24
31779 447.99
59481 465.05
28621 246.62
67935 98.86
99115 407.18
66469 237.52
63572 264.23
87151 371.75
61884 240.01
59481 146.39
34565 244.38
31779 481.56
96956 493.23
87151 9.95
89612 142.83
47713 13.95
34565 391.37
18516 56.55
96956 347.84
79476 20.53
34565 282.31
79476 108.13
46227 348.62
28621 201.63
67935 5.29
35423 444.5
21627 174.31
28621 141.57
99115 113.46
89612 449.26
89612 271.97
43726 410.7
21627 306.88
47713 229.78
18516 156.05
87151 198.07
43726 196.31
47713 71.88
83736 147.54
72925 74.69
96956 191.45
66469 28.57
46227 262.83
87151 113.18
66469 234.6
67935 1.76
34565 333.37
43726 422.29
61884 449.8
83736 27.17
87171 320.53
61884 167.83
87171 484.28
87171 188.04
92957 269.44
21627 113.02
99115 381.35
43726 256.24
42291 294.21
59481 100.39
83736 362.97
92957 86.49
34565 330.99
66469 363.02
43726 251.39
46227 271.63
63572 438.59
83736 13.76
21627 202.0
66469 446.96
18516 426.56
59481 63.04
63572 325.79
83736 10.38
63572 304.22
34565 252.68
79476 147.89
67935 313.05
35423 192.92
34565 404.12
28621 207.04
83736 442.74
43726 479.53
99115 116.16
63572 144.44
35423 143.39
66469 1.75
34565 319.94
67935 257.06
83736 397.71
96956 194.21
21627 408.69
31779 321.29
43726 413.63
79476 20.74
67935 22.94
21627 454.19
46227 188.84
28621 192.75
59481 270.26
89612 449.23
43726 463.43
31779 403.2
67935 301.59
96956 159.95
47713 475.71
42291 252.65
96956 172.54
35423 187.37
79476 468.11
89612 231.4
42291 421.59
87171 483.06
72925 282.6
61884 11.25
99115 461.17
47713 253.8
72925 74.18
87171 491.35
99115 329.23
31779 375.36
92957 411.56
34565 92.27
42291 86.29
92957 375.55
18516 132.35
42291 218.22
99115 354.1
18516 408.24
42291 307.89
35423 272.51
87151 408.86
59481 494.11
66469 355.44
42291 113.81
34565 245.51
92957 15.25
66469 483.33
61884 162.08
43726 98.28
46227 35.24
46227 20.96
35423 449.31
31779 53.65
96956 206.58
31779 196.48
43726 492.86
63572 74.64
31779 65.11
28621 490.94
61884 397.21
63572 185.24
87171 234.38
46227 23.47
42291 368.69
21627 455.15
31779 211.94
42291 216.21
99115 23.32
21627 365.37
42291 357.71
59481 455.64
43726 166.12
96956 136.66
31779 136.79
21627 110.32
72925 172.82
89612 457.7
18516 27.76
59481 402.02
21627 345.11
87171 414.53
43726 106.18
83736 104.64
72925 265.2
35423 17.93
61884 252.54
79476 315.95
67935 369.31
42291 137.89
35423 200.97
61884 143.8
46227 327.32
83736 141.3
61884 198.06
43726 417.71
47713 191.07
34565 248.07
83736 464.07
87171 145.51
63572 369.17
61884 125.22
35423 499.43
46227 364.29
79476 494.86
31779 155.86
46227 122.67
28621 404.18
47713 65.89
46227 259.72
66469 333.43
72925 60.24
47713 137.72
66469 115.24
43726 49.89
59481 338.98
42291 22.85
79476 244.21
99115 121.62
42291 487.18
21627 172.4
83736 151.63
21627 65.91
63572 472.59
96956 195.44
46227 300.63
31779 128.67
83736 47.7
35423 297.72
35423 177.24
72925 380.9
87151 85.16
28621 192.34
89612 153.46
21627 395.73
96956 316.24
21627 68.69
63572 306.06
47713 67.51
96956 356.03
47713 187.0
34565 207.83
66469 210.49
96956 215.18
28621 4.81
46227 284.69
87171 88.55
92957 249.16
79476 236.14
79476 163.78
83736 396.15
66469 387.4
89612 352.7
31779 378.51
43726 278.57
31779 443.77
59481 57.48
59481 244.05
46227 359.31
72925 117.59
34565 409.43
92957 335.47
18516 233.52
87171 236.91
59481 390.44
89612 25.11
67935 81.79
21627 85.5
21627 267.31
99115 464.77
63572 248.15
31779 296.83
42291 197.19
72925 111.19
42291 113.55
79476 75.15
92957 68.01
59481 38.57
66469 147.51
21627 492.31
92957 314.8
35423 272.95
28621 112.08
63572 396.79
43726 75.09
34565 130.22
66469 37.48
89612 492.09
99115 10.5
34565 245.67
47713 289.16
87171 332.5
34565 107.92
34565 101.9
96956 496.16
79476 233.56
21627 314.86
34565 22.93
87171 203.75
79476 400.58
87151 308.23
66469 283.52
31779 82.46
35423 343.85
43726 216.12
87151 92.49
28621 232.82
28621 342.94
99115 244.62
79476 304.26
46227 189.32
87171 211.6
87151 87.83
47713 416.78
63572 59.13
99115 11.93
96956 389.5
63572 374.61
18516 314.0
89612 209.04
89612 402.64
79476 466.5
46227 327.72
96956 219.91
87171 369.56
79476 143.15
31779 449.39
21627 412.17
96956 183.45
96956 457.45
35423 266.94
67935 89.43
21627 477.1
59481 354.61
43726 132.75
21627 133.88
46227 305.43
46227 247.24
87171 40.61
31779 275.82
79476 88.03
46227 150.3
59481 457.22
96956 200.53
35423 292.89
59481 129.43
47713 42.01
72925 377.74
34565 1.61
31779 156.2
87151 264.66
89612 65.37
83736 201.98
99115 400.58
66469 182.28
96956 351.41
92957 492.72
46227 223.23
18516 191.16
42291 411.17
61884 95.61
99115 360.0
34565 69.2
42291 266.89
46227 209.51
61884 128.05
46227 120.48
18516 124.49
83736 449.16
87151 235.61
46227 201.11
46227 160.43
21627 285.45
83736 56.06
72925 270.14
59481 364.25
35423 134.97
47713 332.03
34565 72.66
21627 361.75
67935 198.36
43726 168.92
34565 437.71
92957 350.16
31779 257.86
47713 393.49
63572 279.04
67935 244.9
28621 18.02
67935 68.87
34565 120.72
31779 128.52
21627 322.48
21627 275.34
96956 351.36
63572 464.48
28621 295.75
67935 303.7
83736 378.13
87151 392.93
46227 145.65
31779 384.76
42291 499.3
79476 366.46
21627 327.86
28621 63.61
99115 258.6
28621 367.59
35423 379.94
63572 164.57
59481 352.62
83736 84.61
34565 314.81
89612 420.2
31779 267.34
31779 355.77
87171 443.41
18516 360.05
79476 325.5
18516 357.01
72925 486.05
87171 204.83
47713 458.7
66469 448.37
89612 346.73
18516 270.92
92957 499.26
18516 183.05
87151 43.4
92957 86.52
87151 457.67
66469 476.56
63572 270.65
87151 498.96
72925 166.66
87151 72.54
66469 437.49
79476 412.75
83736 142.82
21627 102.46
79476 15.86
87151 405.74
83736 278.08
21627 333.21
35423 147.0
59481 295.29
28621 156.92
67935 335.13
61884 32.59
92957 63.51
42291 278.25
18516 394.26
46227 263.37
28621 141.83
47713 429.05
31779 476.84
67935 49.24
34565 496.39
67935 323.34
35423 248.86
67935 414.08
31779 492.68
67935 236.89
28621 220.85
89612 378.38
28621 486.95
46227 356.09
87171 48.23
47713 225.12
42291 405.52
34565 463.55
59481 194.6
43726 224.52
18516 116.19
99115 420.59
83736 51.04
28621 144.75
72925 122.52
46227 231.58
87151 430.42
66469 43.11
46227 404.87
43726 347.83
63572 112.38
92957 49.88
59481 136.19
89612 270.51
18516 380.93
61884 409.41
72925 436.85
42291 315.23
61884 339.52
47713 29.36
92957 50.64
43726 183.72
18516 33.4
83736 466.28
87171 261.81
83736 348.09
61884 319.75
42291 168.04
43726 280.34
18516 309.97
72925 214.79
96956 41.13
79476 100.87
35423 264.82
28621 57.71
21627 301.82
28621 464.65
