M
7925.3628107673085
7483.000299394416
5830.7416219316765
1901.7485124181294
3003.4395896691394
1713.843255785272
1268.9701951681036
573.4506905274266
208.53503293372887
2863.8894486353593
1934.0260875556205
3734.6711801286265
6073.38502503507
3889.800355651677
5518.534485967269
208.9197842321082
1445.1847471488181
811.1368042485046
9096.072535768059
4639.329743544245
7770.757160696636
1191.5894386607415
2162.387063131101
1076.2930651748866
2401.3755877587837
1595.7456322984563
2241.7537566922583
7965.482503542754
4324.210323177231
5916.679134748098
1010.6710752724266
7212.643344328091
2929.9417877726337
5454.963819988744
2478.6040792564536
1795.9855971233974
315.3496073750175
5451.1697772039915
4573.4134270733775
924.0742252752716
5562.58653266353
5184.573733672793
8895.846445411764
2161.0021692156906
1122.999289129717
1211.935296236361
4554.171161161551
3680.5451517830397
4933.906175029984
3694.144680815366
6406.926165341389
4378.984907296457
6177.674707824735
2529.8274333052677
2731.525326818416
7455.810171507926
976.7288042384916
657.6141803245755
1868.5812734400424
7816.836465540588
3391.628434005411
1960.1205538779277
1769.0959569664956
1850.9957668822026
1798.0681646292178
4319.177260842676
6006.063946416651
3912.7943523598415
4876.937113819267
5647.770406431627
681.45973962891
841.4089000599506
1560.6281316315817
7084.344064702429
2967.675276154345
1323.7204797419217
3953.885697592841
2877.541162883088
2611.7653112238077
4308.211023916125
2784.431319255559
7344.286578196019
532.697842756168
3650.4747783174034
2677.693985627723
8826.132959586168
6625.447242919898
3339.046675553277
1320.424453920261
272.49997284151686
435.13457070194636
3093.5101933100195
950.3783834723872
1039.1992095083751
6146.61671327954
4106.312946066378
1090.7648024203536
5155.638811615172
1593.5639325626125
4656.907793563674
4069.5227006866453
1016.0499073629562
825.6189230799937
3423.7828273674786
1629.3189497568237
5739.372602940886
3460.662262058785
1066.2942636988882
1129.3235298238342
3532.3108632238773
5137.032751864825
7901.367624968447
7706.605208241235
1466.6755378988892
5993.536453034568
1973.4649167274792
8833.608600022824
2143.178295904575
2439.629536791941
1769.2381289206696
3152.6885242400776
4210.863627386121
1814.281704576022
427.4351629814337
2929.242061225389
890.3810750162284
1539.9696473263666
1583.1211437935144
269.77970923475004
407.18323136626714
853.3766910334016
1732.52709682334
5634.616674137685
516.3138339504203
1061.243957410452
1897.672440254546
2412.247708150083
717.3296240959189
6028.2267339433565
893.3546326481537
5933.312503459565
2772.3161903777464
2708.75816139775
3321.7242207698428
3970.8365214971054
3560.3355095353527
6278.303551760185
306.8439430896524
3080.961312034231
3915.6014761650395
3268.1088631147013
1215.2091850029938
4548.062060085998
2612.9451097420433
3271.036394998345
5102.061464036668
549.1362272800379
353.3799240832104
3594.463482564499
7093.789819098071
4353.156178043569
485.6347146448679
697.7201630408417
2630.6117610274287
2890.5786935686783
3298.6492684263167
2248.015902106973
2972.1909028788477
3604.26932943227
1612.7921057749827
7719.553152329678
511.5916118675468
6047.5068946789615
5049.593980661479
