L
4323.020188140653
562.2956547791837
4009.2735544434045
8074.0322026677195
3718.2781499229623
857.082044190367
2917.709084936493
2403.9963521406225
3662.177277712215
649.0461330429316
1012.0282940286434
7199.836087091158
6151.031843534902
3841.973563126101
443.09132854509517
2096.538399243579
8476.34209995117
2296.9026274027683
9.101026531355503
4274.990739721881
3942.3682483351677
6593.887891965426
4258.105403176299
2070.9605319058537
184.93490391103296
7159.392435998645
7383.69016249125
305.3373430856409
3295.6846214090383
3517.4169634666523
3655.880084251169
2343.2548977278666
1096.16351877753
2475.2345669697625
4865.972093978244
3179.836385196606
1243.7439642289137
6164.293140224419
4176.29984037149
586.1043293582752
7462.834665400089
2177.523022038952
3764.0993431748957
1148.7353961893914
5894.437926829287
1671.0523293806946
8204.642828667349
3464.593705664516
2379.723473778997
1221.8024275672997
2627.610508938007
2071.888292521966
1833.1024545275704
3651.2621388057996
3630.9389932742006
396.01248692093213
3208.9405040137744
688.4756269021455
1840.6703519840212
246.38785023094715
7166.8746100718445
5440.457947170644
1017.1463394736711
607.2688307050103
4281.074218642599
620.0884571269598
3104.826944992704
695.6013871933283
3794.21088720594
521.3275866842578
4836.984631093348
2042.6510156811446
1979.4212457024778
6123.342518866628
1621.4697934802953
2419.907938206763
4184.728163757325
5284.077458255988
2026.7580394175466
5698.364440529902
4016.290458743436
356.0496987533297
1703.1413681433587
8484.55532431591
2287.6085625664336
1190.93690158145
4336.0379646364
5806.309222116276
9279.560414399113
3045.910790662858
3569.5490497128985
3048.325524861538
393.64350132495565
1623.3997311161547
190.96907547157934
1507.89838344101
6195.232268454882
1398.2293774137343
3158.766242328781
3638.3437119355767
1566.173431065361
5513.948447484233
6649.797570623014
4567.831483006767
5389.0279589296815
1124.2961938014978
4504.617457480475
3739.450437700865
5060.150620790863
