L
607.9137845082187
5558.1235126730135
2860.2068914863366
1355.3520129203007
3589.312517886412
1339.9466802873849
7442.739342931001
1013.9997046229346
1385.1883282871477
3459.6797100962376
1342.0519497669447
3743.4261347292004
2683.9585897929264
4720.110568903735
175.13621720212723
1050.417756920986
5105.865114923502
4367.364697454281
7571.050162307307
3543.004078654043
1658.7899711281261
3501.5957648849326
1203.6629124369156
2799.398543672294
4192.894927345775
622.7934737393862
5062.642655456213
6798.017341204177
4897.71525219949
2105.821195396522
846.8968328481278
1168.9349865045388
3684.872099661232
1587.2256944087294
109.969061306183
4739.396906871463
1226.9232782089111
5701.714241183584
3807.8832009617954
2232.030618894739
7356.839456289218
5114.6191841549235
1435.2469077251444
1938.8474092292317
3562.6859342119787
3326.0884901839863
1320.7891161414573
796.3838294241123
5832.0324698141785
2837.698940080565
3000.621814362713
4500.82915294693
2055.0866328947104
2979.4877348049076
334.0081582853709
2933.3114696972516
6651.19330977261
5697.163830248883
3894.5443897592168
934.1199338337228
1145.2881326882507
2777.6835746535053
898.7532806597173
858.003048911296
8921.844290203271
4644.355491017785
213.5386112715296
4553.250663906902
1111.2157277260412
1460.3085096514696
7559.727471427868
3509.258703792254
829.0241960936419
3805.2641199890104
1152.4830859676913
1432.475823263323
3659.6246987482
6816.421972190841
512.1483632101663
2897.9118526683433
3486.3266814588824
2120.8811387648248
4074.299317861859
932.2064047687527
2437.5522235725693
1468.7757483705955
5569.9947672519065
2885.29254146271
294.99008594995576
2376.029960457411
5637.145159680932
2916.602473257285
4139.1696611631905
4989.286061722955
1465.4636265828758
1409.625846514151
608.5546681848027
6862.853761593364
1229.5038534453706
2929.0833704347842
177.5497373729795
2092.221239805456
3775.7941795458146
2614.363834989271
3993.350274910932
1469.0111875526254
3198.1013462897026
7206.526384710272
5857.620364941439
383.7555587501647
885.7150771916004
3935.464698747579
861.0933151954196
800.9048160594048
242.24099614855186
2434.137379990664
2487.1019782425665
2679.376967912044
1764.021083879852
2757.493007032459
81.18669744465114
8609.039586613062
8293.860544651545
5629.138921771964
27.262531847312857
90.54574120191683
2015.4369383250214
2411.2490398511436
2691.74562755438
657.4532249084205
6004.9648877010795
537.1883210175783
3984.290824061499
4011.280296155439
946.5425905282627
1209.9336165538552
1662.9703864613493
1303.2460316074666
7047.872532580711
608.7602799414763
5978.164910308771
4450.715310051481
4261.072086850936
3125.0901053476264
1389.152194925553
2270.6482606132886
3722.029706165631
7017.07442871272
6544.320401669236
1306.0630782403223
3426.9714319757604
7699.201228423646
1112.6764959616685
