L
2685.493239030856
1342.47761168971
5437.0500771192
2954.5926164300854
3418.1080616173867
4222.260060197393
5723.93111088678
1877.8784082557595
1963.3685248802258
6075.569557271463
4258.730003009947
8402.03815715292
1595.71560417828
5491.510593401504
1481.5544450489524
218.44646276125968
4679.023023459639
1334.340785239454
2166.808937718509
3731.3200312454865
575.4160922531864
4604.573830137327
7350.4374150226995
6427.9524674911745
858.5838433884946
3158.629734772707
1815.8841703412263
6204.520769757066
2985.487391575276
3229.512715075546
383.1254153289228
1008.8965116675245
5152.626129348826
2613.5163527593086
2983.6494091379836
749.9228323355765
2293.641669502531
144.40414659704584
7554.7696932820245
4084.309877316169
4073.3533439911034
4522.328433334089
905.762423487553
259.77793064721664
1348.3354550195636
1316.506428275392
1674.5922943788373
4601.772889941632
3345.5222971092717
5295.293168462103
2646.734879165925
1978.5813417696318
7357.78494012613
97.77786316363745
1291.3808047430575
7795.146063642991
7535.043756619936
2079.968337083842
6728.227377232664
1645.341098471432
1321.4741544160552
5807.652033481903
903.1380319240943
2363.4986072176252
1800.838370560712
1841.308656200812
1984.2274309584382
2903.948790520796
4492.681261976941
126.31452872036607
5932.120881147055
2686.0774411066386
5271.1828179840695
1372.3799398051142
3164.1989254831587
4896.020731529975
5180.702173394518
8491.55403305759
4086.455141565719
1043.1318955757433
1662.049359196988
4880.987425602236
826.0521041046395
932.1317638999262
4388.019784392944
4982.929187185957
200.4507402901363
2990.536633140955
887.9902367089962
2493.8997903386635
4521.50253288786
766.38926672452
7573.005867200727
4717.508186441902
1625.2779767017782
3237.954084210446
6841.2434747494935
5640.0616326836525
8147.214156676602
5627.880580445681
1765.143337543479
315.69788131748464
3137.0909291999933
907.5966736467162
5361.260688756658
5929.290626330761
2031.3473147501463
4421.504697089052
2579.1076138355447
2124.098480698387
189.84382059240852
355.0561376752448
604.3644490122479
4441.351127058421
5049.500286842081
9167.039659414047
3711.92568366088
3561.643903065513
6549.26592148198
4438.28022541704
747.0242242523382
6.00861074338534
827.4430945258773
5893.266250425581
9514.787528034543
1651.02154967945
893.6481273366862
2127.814811942937
7596.028645395085
2479.381913957316
2598.180709098089
8126.857693920569
1258.2815093295194
2985.5238512903434
3403.7423618518933
5128.820260589099
4816.006147573193
1897.7273396413239
2272.014858666621
6358.433187346832
508.4841357607729
1822.3252292522247
4243.967638874396
1186.7670167311462
3171.346067396411
583.2062100835556
6576.353791147505
4657.16604564801
1631.2944519828707
6865.573659749967
5241.879481810735
6946.0769364960815
144.63294047995987
5920.943120271511
813.7332921086436
1377.2194049136597
4591.249350606278
4133.297947491196
417.94652213753216
610.2298128521634
6021.345220459644
3412.4508091497346
3037.317599035563
596.7457726840839
2110.1068720813364
1959.936472025025
1192.2783333270108
196.63242701721538
2189.095149911659
3765.137696882919
2484.850846602574
966.5158751493364
5676.323149872244
3820.92470263869
2805.782249041731
5870.513281917144
8253.645589071682
577.7873731734271
4261.869878869957
6514.618974215282
2356.105599123998
284.56247190490285
2342.0290933549322
7465.218293613998
1884.2983029240768
3733.873832862708
3016.125957332787
7637.273684226837
381.2009294412637
6441.125864268637
3043.5318621630013
3607.1740089297673
3239.9321386314614
1026.8992453775245
