L
233.44023745815502
5152.6588517989685
4357.191653211448
3999.5452017827483
5676.222413309152
2473.4455444056457
60.22131855086991
5125.417998315555
5322.006028545319
4974.595137009386
9189.630442630367
7848.227773065809
1711.1773912652861
5668.25291760818
4033.1303786323497
1641.697839747405
2970.5746702375964
533.6648535833156
2176.410835576069
7400.085916990148
4314.584884344835
8150.896554549046
1771.6464463813936
1840.8428774845197
2434.3727874653987
108.35921806569968
2864.4029176976646
608.7711764574105
2328.5532998998706
2909.0602836186845
723.1242828932682
665.100727962028
3916.637305065803
1074.510008729727
5051.15690614599
803.4416832580755
8362.710468030533
6345.767041915085
2903.7018243513694
119.57004739903823
5147.960021273198
2692.3515224181137
247.83749355132022
6869.949529321848
1518.3647020064473
2578.918236522417
3142.612208313957
3755.2292920729096
2324.961117806294
1139.5931136851996
1978.8051957645512
4235.5549232688945
1621.2007001822549
2409.547800531276
4975.5365635703565
155.48555887482325
4892.70723256443
1662.5591005353854
4521.189183429561
7007.356662977277
5769.034787913936
2321.560853714119
372.8730196255983
3143.903373678243
644.1159360167912
2237.9419325866074
4977.346710138692
1347.0477119660281
3152.329496705179
5013.205930635978
3983.238105647233
2351.2168458113747
327.24828993371557
2014.8773956320265
4375.441222855159
3397.4718834426158
22.805860051012132
2163.849627279561
8757.651741811844
943.2577772337881
8268.186810622397
4783.424364050335
6160.146868412428
1086.5209863338914
336.0910887623777
2304.4935679608634
4052.1992563077274
2296.430240909551
476.0234442614783
1793.3703779719835
4799.60801960202
2016.4828168927615
744.326643171451
1826.3626028343297
8783.257871811827
3646.8559641047996
2035.9580953441637
954.48135091123
7941.933438141244
1177.0715652898416
2588.9442754995716
2610.827401819015
5061.048020831673
5097.110648613331
616.1697594497218
2062.402208352285
1413.1879441451692
2671.4522623901466
390.3095470768112
3777.917674843756
4734.910956100602
2007.4445056402265
581.9146302394838
1668.314524569092
4480.138866974279
7322.350245248109
3122.967843179503
6046.023790525134
8011.878944586386
2050.564021133411
5422.960199055171
2112.4055028055727
175.53196817096068
530.7278168351913
709.2887976446837
18.91827202659806
1145.259386470765
813.5194368948069
5727.209668469358
2714.537739451742
1121.3255571118207
4522.444961222586
7301.690004929806
714.0041944297263
4998.56284546823
2877.0171744329873
2569.4520946440334
282.4599378618914
4406.921924972058
6468.486068133917
3057.051419027971
6678.578193057859
21.588244685766767
6142.672135776526
1545.7937624755868
6115.825130313176
1818.1093760450049
1675.7658569959076
2693.3118523832636
1728.1533471455004
5006.800868503478
6469.223376802354
186.9248990355336
1607.185228296712
1997.5331925600476
5179.511511883591
7143.174350861738
7992.751249740131
5908.769492150601
3299.926004030628
778.0760183526654
3808.6700708140206
1732.6344801474806
2005.0721253559268
576.3750951051425
3636.7797064753613
2654.6504917897937
7478.72905365267
3002.958848804359
4270.865848153926
3443.235170380195
1408.3667259465055
6239.225349174495
5289.3022333054505
1153.1170839655315
4836.405240905193
148.45188016935936
3016.948686098126
5265.9841590613305
765.147986978649
7581.385880886547
2587.6056951026567
5756.036424217813
3744.857361015527
42.88199058863029
4727.663620058991
963.1943135095862
2311.387762115348
736.4764502029393
2268.2852115136247
4040.3683515250095
2055.200252212081
2000.5262397039896
1748.6996251759647
7265.407235524453
5404.657181992108
565.9481758117217
