L
874.2238525654811
5455.421892964698
2358.014817276511
814.1337464551834
1458.5138509689386
271.7486988513301
3533.192960691862
3395.93544646791
4891.895994508507
1541.338876796941
5132.912445073373
3330.4772295156745
6944.1937975872015
3562.856777301992
121.86759926560262
5350.862694176194
2785.6603936069987
4510.951733407454
1640.209115812133
5924.248186189914
2135.3908432187036
6763.605864799344
651.6993789198896
112.06767504191157
2432.287441271709
5735.094520262776
1006.6574335133937
5847.036584200141
2115.2403394181265
3423.6588622168347
2027.6639345015947
2200.7070121571114
5303.589206743247
8399.55707534866
5192.17897386607
1220.983641343255
3135.6603887085294
3664.1585240135864
288.0118176564847
4304.216238547659
531.4756212826087
4765.177153193797
1625.2693456124653
601.8832356079529
6778.780872579292
511.74903886390894
578.1819246691066
1360.8109178145296
1533.4434533161511
3011.270852592922
4261.221707304819
6196.124780453928
1963.1347279983875
2928.1433426907633
3845.460984404578
1260.7679054897453
4173.66469994944
9369.463224765419
3949.681728985526
8139.28020255594
2045.6258498907482
1547.9767263034828
1564.280380402217
6166.390739593806
323.90337645886575
200.87521949346046
900.0783637581771
4954.214177120173
855.5744171188289
542.1811531054227
8062.462013274727
3318.487677126024
2435.6717112518845
808.4009216243703
357.32838076705775
5204.68873757179
1792.029327926357
2898.5273336521877
5012.866229384617
775.3552256577696
3276.9858422970847
4494.055291490761
134.9346787444847
4655.00741778741
3299.7718071826457
2628.2885760790696
3010.1939945905096
4690.86933109095
2946.5268736293274
91.48980004361874
2368.8363125032893
5558.2859100864825
799.3631446130421
2591.1062995649254
3243.888772471765
2630.052179117857
3081.95609944052
8901.916145734354
2115.9670381100723
1011.9755106604607
6856.163143634725
410.9908680709523
4035.2598543488566
1219.362984466141
4839.948343408104
4188.859132340779
2001.1848113606284
4764.117146943745
2163.284457173223
2485.990875223094
3439.0580439352716
6511.541616333749
3724.388401181728
3320.2278262450773
7881.523176182893
558.8464949345107
6868.186178876305
253.57186247549726
679.317966805278
5695.505805377134
927.6491840314702
4642.651125559567
649.5020936951332
1526.192025565144
1709.3442267462488
2899.7132645968604
4862.941784975433
2030.102428204179
210.6966650184513
5153.8238244723225
3990.7578570682144
4723.090479201767
8218.294105574092
737.619231106115
5694.231015131611
6521.429145463993
4312.229770238767
1946.180782861843
8067.737553694884
3483.6447158312585
6947.848351133893
1540.9639702874065
4040.277223001007
6324.962269586567
3576.2354206858445
2159.486122307505
4858.786537015918
