H
2633.9102993713404
4307.599524293506
4349.180688021857
121.5715099864592
812.441678070938
2875.751333072796
6014.29148752135
8825.497685049948
1794.4828198201303
1446.9487592502664
6586.202197002767
5467.311765748963
5439.25817214558
4693.183686804232
7482.419846910072
2249.448361491982
1555.9760926414783
5117.670850107992
4181.864965879469
5222.956027700826
2991.7674285439634
5358.783750042225
4194.569121946048
1117.8846785550286
4007.1032952469513
1105.2432245897107
6197.942622281029
988.7229888754264
3804.4867706407904
2943.638800662071
4052.9862699243786
315.1801057516641
2935.488166679511
4804.057051641209
8739.320713371837
2444.957129967863
6186.246612636352
4257.4837442626385
3047.009429495556
2095.567518586802
4097.262817456808
1470.2581473699775
9395.486958915766
5772.953389420165
4930.243272561731
3934.507749623259
6088.811426590086
1953.2178746538284
332.03213953000886
2104.610425646486
3374.8435671993275
6555.932162938547
4106.247970058619
1853.029191562301
1460.3747428581846
2894.357166811945
4914.151781347174
4165.046111393391
2869.3377539150115
4106.122221726772
7312.154682551699
1604.1868213158596
2197.140068292003
1351.9829832171254
619.4514583930468
1462.508831017798
1518.5394038622453
2896.4617101912327
7272.535173959959
1093.864042467887
1218.6759699029571
1524.7130440404108
3073.2137248052913
2325.1418586051814
1109.3934914817055
6620.199966142725
6889.170591257051
2645.6353015711957
986.3170522433811
4806.067125322243
3704.0335538867557
3700.0109396101025
604.6052337723322
3160.2962766891333
1849.5834009180671
2742.0473106282734
2818.054916976872
4741.960618239401
945.0802864932339
3387.997148340486
1938.1178739807156
4943.347938586859
5780.1942921200525
39.208531654983744
1789.7947768581525
1874.22375971571
339.5505165639188
5848.227417270675
1502.6810356654787
2518.4714808170165
2286.6464483643076
5429.305393453063
2664.0691619265017
3700.769906040651
399.40576294005587
877.4372072097358
1287.6913835046944
1303.5247481554052
7007.054252481302
776.8596300870176
489.35749487435714
2567.8845202772345
8114.114818702001
2825.026822003736
2117.806084756291
235.14425676303836
2844.1062539432523
7200.9812932408695
5050.601293476326
1549.790080029641
3288.7612254334736
2594.8793509222405
525.4949371558396
1322.1018628940983
1080.370511077619
2876.630852356455
987.1860439954016
3625.7888322527197
896.60058501598
3255.80678842659
6708.440778139307
1674.2642814595893
5713.666788051052
7099.061298078266
4852.500308182211
3431.718619178816
1960.720352041535
2161.777641857062
2959.990065966983
4946.547137582916
3800.875823767533
7210.814140889548
2181.8561726387034
217.5847895346069
1567.5239997712033
2849.4800270472706
6203.9351098814805
5575.990089562518
6231.1620689975825
1160.6838775789347
2364.492972064235
3792.8128973224275
1745.4325109334532
6633.655858252096
1437.8630110405938
4836.943008103425
6666.305733234025
6323.387684292393
640.9038440660752
3176.9552329494145
342.77514529337714
3495.4630055659645
559.0670170209851
1740.143916193554
813.5292243016556
3564.457742492672
2604.701548440745
3463.5863540553755
759.8927681717669
3210.6337614608747
6261.843163528951
8109.022442774224
5286.569188977462
2316.1933185493654
4445.189758264643
1440.4492242495453
2227.5063368980254
572.9498578964176
2049.831684806606
4779.762564246272
4472.853567315012
1339.106910378694
3160.3435491769487
3486.7005727048863
6467.0719498419785
120.89167862874274
685.5517649630401
2729.803016603709
8003.8527236630025
3616.4976349056988
2714.2517117840816
4250.448981742385
