M
2956.7012054817887
164.38036589551302
1931.6694679486664
824.5857351081795
1891.903608807952
2841.219999460034
1611.644372646817
7053.492472122014
1043.6798967157447
5626.817908266755
2482.5800427210897
1897.5710523556445
7369.56774021176
2962.7599358151583
5279.102379828132
2999.4640565742893
6641.7761731934215
5648.392649682636
3145.933109229274
2528.529412583688
2171.0592161393897
1542.6432904180674
3996.0846584356386
5391.329469154213
2265.3717980124184
7369.465404428358
5789.031460968379
2359.060206463212
250.09311096201054
8452.078249001861
5172.0948099709085
6716.9862465600645
3768.425816629395
455.39718891920165
2264.7637280316785
739.3031378519045
5775.440069550639
9589.597440578222
2125.870275894732
7322.801150598652
6287.496919325056
7451.794465181056
4369.171409805557
3766.034773417585
94.47830958582199
4043.012327041236
400.53554531609734
6509.14072390947
3827.6020833523653
129.66193251735967
2279.590246529483
5467.843734441146
