M
685.8717296183222
44.14891224604071
5085.89814490796
2141.7049869744324
4171.1442926219515
2985.652051440963
1546.1824334207959
5220.126253146385
1235.5446407026175
3164.0326212082246
884.1223495197137
6344.898184596414
7921.796044464357
1783.339327669839
3277.1379068474853
4723.210639206627
3646.1880035241475
6447.395644001061
785.0700372226274
4980.002439713106
1525.6873960266603
4801.287625782175
2454.234155429307
4198.661893855544
1703.4822127657571
7103.558395999151
609.347551050425
3880.318477655366
8890.877544169409
1129.6298204564337
739.0913493358075
3366.1716498680044
4107.056408619324
1446.2634240619955
8800.233200323919
3591.024306531467
113.45190922356778
4487.61819195983
5302.471646901424
5109.991721009976
8198.906538109954
2698.4391385704384
6787.8791129828105
4157.573107894235
1268.0399599764532
5394.825990376922
1144.2417868087505
4639.574748801622
3030.2715081172328
1150.1332946342573
6460.397435502544
4946.024110010851
6065.663166810239
3485.6629207261576
258.36957500839526
2007.1107859304857
188.73556117868793
3357.5477804617904
3511.168455152
2548.275793492875
2999.967516275502
3174.9583055152452
643.2321723299847
2765.4592271674464
2587.4796501519904
4590.0419646192795
1491.0976638990505
4937.874448450163
6617.318526530127
2640.6815753238598
4559.022270704961
856.810251260822
346.4610604600621
547.0841159998763
2579.009799921274
179.71534904675173
6462.792665189376
2002.00159880283
7822.6853940636465
61.36023834034859
2574.505532107737
104.38102135710687
1985.2426927116558
1509.5461361794078
4664.352084547626
3087.9588576891983
3842.0945010836404
7605.127765679834
5633.448331315444
2556.4132386983556
4209.217906801251
1657.833652919484
872.1368233043777
969.0077239017392
3216.368410876842
3322.637936187306
3235.727503475917
2070.1464127393647
1183.4292690254224
512.954239493878
4544.764417126047
4748.345473025197
918.1331268399226
2378.21983437825
5023.981287485978
4180.266120370063
1037.8207369660067
4282.0461282541855
1393.1075197934115
369.8189952527355
4423.211467997926
2891.695270796906
550.6576094154752
7151.68090534782
7058.369628657032
629.4042054656857
5279.133599334523
93.11790393702358
3032.387785709263
5.445957253670462
1649.5411272774727
918.6092259725083
3362.5027697013265
5401.596990889405
5683.697321476846
90.42110342472552
569.3619565826448
3960.7966572646637
716.3251830234967
3219.05074873408
4460.2765536236
241.89236418038672
1923.2335722693224
3011.418928773961
1658.6124748456605
1693.8571395088566
271.880582214857
1238.9977711325591
7104.322377014658
6841.613650973829
364.4054551585414
6578.047587388393
