M
2724.941635450754
6553.980025941242
4186.135387610416
6549.562376039486
57.95125694829221
1880.5284959986338
1358.9692981739354
326.5923626525946
1721.350112394066
325.00620648462063
116.56846316578412
353.00698634723994
5231.58458132993
1945.2215683105205
3738.989845653038
5704.818276330919
6276.476089728643
5455.124143925203
1502.7655279906212
1213.6614029701304
4899.7542656139085
4670.915378485332
8974.642616724228
1823.4528994177908
3655.6513801195015
3617.0108326469654
7082.693909681519
2947.2364649011315
1926.272152219808
23.586549930947513
4849.368905136167
5134.4586217455535
7180.004890195349
3510.266886989083
7391.640560207286
650.8398484981426
3673.2712460446664
4397.477244371095
2859.510900598608
229.5252840366411
2510.455444085489
4810.455875475036
2038.8831483120312
915.8887534244077
966.228349647281
5965.912165637554
2035.175880415085
375.155013652904
1725.918408988031
267.99888548349736
8744.274631713452
4114.63241942277
4377.563881311265
1630.1408035484073
3654.8206606295425
6476.17148680571
241.12653149005018
2749.321139141375
4089.6171286198005
2944.5568759932803
3405.7393346408135
4862.850759979105
1852.504622565325
559.6632615596227
3159.3043743496064
515.7382575294323
1250.1999483277596
51.4019430645385
6114.419120397948
2170.609392949762
2560.41133733107
6968.259130110141
3697.4677860967495
7375.280771950163
3720.260598544395
1449.4864688174803
2553.5378296799317
6496.770282910699
163.72841848752796
3837.2196963487177
331.35038543803785
1554.9891605083776
3585.120836536934
2943.3779630539
3811.323042800991
2106.1721113873036
524.6362573925417
2432.9065075277013
3111.218459756119
2705.2583537291084
4505.318291429363
143.04660672010687
3791.1889952434176
6639.445001779605
103.55165301482702
2058.4839085462872
4224.776804029865
